Round,PlayerId,Position:Y,Position:X,Speed,State,Boosting,Boost-Counter,Damage,#Boosts,#Oil,#Lizards,LastCyberTruck:Y,LastCyberTruck:X,#Tweets,#EMPs,Score
1,1,1,1,5,READY,false,0,0,0,0,0,,,0,0,0
2,1,1,6,5,NOTHING,false,0,0,0,0,0,,,0,0,0
3,1,2,10,5,TURNING_RIGHT,false,0,0,0,0,0,,,0,0,0
4,1,2,16,6,ACCELERATING,false,0,0,0,0,0,,,0,0,0
5,1,2,24,8,ACCELERATING,false,0,0,0,0,0,,,0,0,0
6,1,3,31,8,TURNING_RIGHT,false,0,0,0,0,0,,,0,0,0
7,1,3,40,9,ACCELERATING,false,0,0,1,0,0,,,0,0,4
8,1,3,55,9,HIT_MUD,false,0,1,0,0,0,,,0,0,5
9,1,3,64,9,NOTHING,false,0,1,0,1,0,,,0,0,9
10,1,3,73,9,NOTHING,false,0,1,0,1,0,,,0,0,9
11,1,3,82,9,NOTHING,false,0,1,0,1,0,,,0,0,9
12,1,3,91,9,NOTHING,false,0,1,0,1,0,,,0,0,9
13,1,2,99,9,TURNING_LEFT,false,0,1,0,1,0,,,0,0,9
14,1,2,108,9,NOTHING,false,0,1,0,1,0,,,0,0,9
15,1,2,117,9,NOTHING,false,0,1,0,1,0,,,0,0,9
16,1,2,126,9,NOTHING,false,0,1,0,1,0,,,0,0,9
17,1,3,134,9,TURNING_RIGHT,false,0,1,0,1,0,,,1,1,17
18,1,3,143,9,NOTHING,false,0,1,0,2,1,,,1,1,25
19,1,3,152,9,USED_LIZARD,false,0,1,0,2,0,,,1,1,25
20,1,3,161,9,NOTHING,false,0,1,0,2,0,,,1,1,25
21,1,3,170,9,NOTHING,false,0,1,1,2,0,,,1,1,29
22,1,3,179,9,USED_BOOST,true,5,1,0,2,0,,,1,1,33
23,1,3,188,9,NOTHING,true,4,1,0,2,0,,,1,1,33
24,1,3,197,9,NOTHING,true,3,1,0,2,0,,,1,1,33
25,1,3,206,9,NOTHING,true,2,1,0,2,0,,,2,1,37
26,1,3,215,9,NOTHING,true,1,1,0,2,0,,,2,2,41
27,1,2,223,9,TURNING_LEFT,false,0,1,0,2,0,,,2,2,41
28,1,2,232,9,NOTHING,false,0,1,0,3,0,,,2,3,49
29,1,2,241,9,NOTHING,false,0,1,0,3,1,,,2,3,53
30,1,2,250,9,NOTHING,false,0,1,0,3,1,,,2,3,53
31,1,2,259,9,NOTHING,false,0,1,0,3,1,,,2,3,53
32,1,2,268,9,USED_LIZARD,false,0,1,0,3,0,,,2,3,53
33,1,2,277,9,NOTHING,false,0,1,0,3,0,,,2,3,53
34,1,2,286,9,NOTHING,false,0,1,0,4,0,,,2,3,57
35,1,2,295,9,NOTHING,false,0,1,0,4,0,,,2,3,57
36,1,2,304,9,NOTHING,false,0,1,0,4,0,,,2,3,57
37,1,1,312,9,TURNING_LEFT,false,0,1,0,4,0,,,2,3,57
38,1,1,321,9,NOTHING,false,0,1,0,4,0,,,2,4,61
39,1,1,330,9,NOTHING,false,0,1,0,4,0,,,2,4,61
40,1,1,339,9,NOTHING,false,0,1,1,4,0,,,2,4,65
41,1,1,348,9,USED_BOOST,true,5,1,0,5,0,,,2,4,73
42,1,2,356,8,HIT_MUD,false,0,2,0,5,1,,,2,5,78
43,1,2,356,8,FIXED_CAR,false,0,0,0,5,1,,,2,5,78
44,1,2,365,8,HIT_MUD,false,0,1,0,5,1,,,2,5,75
45,1,2,374,8,HIT_MUD,false,0,2,0,5,1,,,2,5,72
46,1,2,374,8,FIXED_CAR,false,0,0,0,5,1,,,2,5,72
47,1,2,383,9,ACCELERATING,false,0,0,0,6,1,,,2,5,76
48,1,2,392,9,USED_LIZARD,false,0,0,0,6,0,,,2,5,76
49,1,2,401,9,NOTHING,false,0,0,0,7,0,,,2,5,80
50,1,2,410,9,NOTHING,false,0,0,0,7,0,,,2,5,80
51,1,3,418,9,TURNING_RIGHT,false,0,0,0,7,0,,,2,5,80
52,1,3,427,9,NOTHING,false,0,0,0,7,0,,,2,6,84
53,1,3,436,9,NOTHING,false,0,0,0,7,0,,,2,6,84
54,1,3,445,9,NOTHING,false,0,0,0,7,0,,,2,6,84
55,1,3,454,9,NOTHING,false,0,0,0,7,1,,,2,6,88
56,1,3,463,9,NOTHING,false,0,0,0,7,1,,,2,6,88
57,1,3,472,9,USED_LIZARD,false,0,0,0,7,0,,,2,6,88
58,1,3,481,9,NOTHING,false,0,0,0,7,0,,,2,6,88
59,1,3,490,9,NOTHING,false,0,0,0,7,0,,,2,6,88
60,1,3,499,8,HIT_MUD,false,0,1,0,7,0,,,2,6,85
61,1,3,508,9,ACCELERATING,false,0,1,0,7,0,,,2,6,85
62,1,3,517,9,NOTHING,false,0,1,0,8,0,,,2,6,89
63,1,3,526,9,NOTHING,false,0,1,0,8,1,,,2,7,97
64,1,3,535,9,USED_LIZARD,false,0,1,1,8,0,,,2,7,101
65,1,3,544,9,USED_BOOST,true,5,1,0,9,0,,,2,7,109
66,1,3,553,9,NOTHING,true,4,1,1,9,0,,,2,7,113
67,1,3,562,8,HIT_MUD,false,0,2,2,9,1,,,2,7,126
68,1,3,570,8,USED_BOOST,true,5,2,2,9,1,,,2,7,134
69,1,3,578,8,USED_BOOST,true,5,2,1,9,2,,,2,7,142
70,1,3,586,8,USED_BOOST,true,5,2,0,9,2,,,2,7,146
71,1,3,586,8,FIXED_CAR,true,4,0,0,9,2,,,2,7,146
72,1,3,594,8,USED_LIZARD,true,3,0,0,9,1,,,2,7,146
73,1,3,603,9,ACCELERATING,true,2,0,0,9,1,,,2,7,146
74,1,3,612,9,NOTHING,true,1,0,0,9,1,,,2,7,146
75,1,3,621,9,USED_LIZARD,false,0,0,0,9,0,,,2,7,146
76,1,2,629,9,TURNING_LEFT,false,0,0,0,9,0,,,2,7,146
77,1,3,637,9,TURNING_RIGHT,false,0,0,0,9,0,,,2,8,150
78,1,4,645,9,TURNING_RIGHT,false,0,0,0,9,0,,,2,8,150
79,1,4,654,9,NOTHING,false,0,0,0,10,0,,,2,8,154
80,1,4,663,9,NOTHING,false,0,0,0,10,1,,,2,8,158
81,1,4,672,9,USED_LIZARD,false,0,0,0,10,0,,,2,8,158
82,1,4,681,9,NOTHING,false,0,0,0,10,0,,,2,8,158
83,1,4,690,9,NOTHING,false,0,0,0,10,1,,,2,8,162
84,1,4,699,9,USED_LIZARD,false,0,0,0,10,0,,,2,8,162
85,1,4,708,9,NOTHING,false,0,0,0,10,0,,,2,8,162
86,1,4,717,9,NOTHING,false,0,0,0,10,0,,,2,8,162
87,1,4,726,9,NOTHING,false,0,0,0,10,0,,,3,8,166
88,1,4,735,9,NOTHING,false,0,0,0,12,0,,,3,8,174
89,1,3,743,9,TURNING_LEFT,false,0,0,0,12,0,,,3,8,174
90,1,4,751,9,TURNING_RIGHT,false,0,0,0,12,0,,,3,8,174
91,1,4,760,9,NOTHING,false,0,0,0,12,0,,,3,8,174
92,1,3,768,9,TURNING_LEFT,false,0,0,0,12,0,,,3,8,174
93,1,3,777,9,NOTHING,false,0,0,0,13,0,,,3,8,178
94,1,3,786,9,NOTHING,false,0,0,0,13,0,,,3,8,178
95,1,3,795,9,NOTHING,false,0,0,0,13,0,,,3,8,178
96,1,3,804,9,NOTHING,false,0,0,1,13,0,,,3,8,182
97,1,3,819,15,USED_BOOST,true,5,0,1,13,0,,,3,9,194
98,1,3,834,15,NOTHING,true,4,0,1,13,0,,,3,9,194
99,1,3,849,15,NOTHING,true,3,0,1,13,0,,,3,9,194
100,1,3,864,15,NOTHING,true,2,0,1,13,0,,,3,9,194
101,1,3,879,15,NOTHING,true,1,0,1,13,0,,,3,10,198
102,1,3,888,3,HIT_MUD,false,0,3,1,13,0,,,3,10,189
103,1,3,894,6,USED_BOOST,true,5,3,0,13,1,,,3,10,197
104,1,3,894,6,FIXED_CAR,true,4,1,0,13,1,,,3,10,197
105,1,3,902,8,ACCELERATING,true,3,1,0,14,1,,,3,11,205
106,1,3,911,9,ACCELERATING,true,2,1,0,14,2,,,3,11,209
107,1,3,920,8,HIT_MUD,false,0,2,0,14,1,,,3,11,206
108,1,3,920,8,FIXED_CAR,false,0,0,0,14,1,,,3,11,206
109,1,3,929,9,ACCELERATING,false,0,0,0,14,1,,,3,11,206
110,1,3,938,9,USED_LIZARD,false,0,0,0,14,0,,,3,11,206
111,1,3,947,9,NOTHING,false,0,0,0,14,0,,,3,11,206
112,1,2,955,9,TURNING_LEFT,false,0,0,0,14,0,,,3,12,210
113,1,2,964,9,NOTHING,false,0,0,0,14,0,,,3,12,210
114,1,2,973,9,NOTHING,false,0,0,0,14,0,,,3,12,210
115,1,3,981,9,TURNING_RIGHT,false,0,0,0,14,0,,,3,12,210
116,1,3,990,9,NOTHING,false,0,0,0,15,0,,,3,12,214
117,1,3,999,9,NOTHING,false,0,0,0,16,0,,,3,12,218
118,1,3,1008,9,NOTHING,false,0,0,0,16,1,,,3,12,222
119,1,3,1017,9,USED_LIZARD,false,0,0,0,16,0,,,3,12,222
120,1,3,1026,9,NOTHING,false,0,0,0,16,0,,,3,12,222
121,1,3,1035,9,NOTHING,false,0,0,0,16,0,,,3,12,222
122,1,3,1044,9,NOTHING,false,0,0,2,16,0,,,3,12,230
123,1,3,1059,15,USED_BOOST,true,5,0,1,17,1,,,3,12,242
124,1,3,1074,8,HIT_MUD,false,0,2,1,17,2,,,3,13,244
125,1,3,1082,8,USED_BOOST,true,5,2,0,18,2,,,3,13,252
126,1,3,1082,8,FIXED_CAR,true,4,0,0,18,2,,,3,13,252
127,1,3,1091,9,ACCELERATING,true,3,0,1,18,3,,,3,13,260
128,1,3,1106,9,HIT_MUD,false,0,1,1,18,3,,,3,13,265
129,1,3,1115,8,HIT_MUD,false,0,2,0,18,3,,,4,13,270
130,1,3,1115,8,FIXED_CAR,false,0,0,0,18,3,,,4,13,270
131,1,3,1124,8,HIT_MUD,false,0,1,0,18,3,,,4,13,267
132,1,3,1133,8,HIT_MUD,false,0,2,0,18,3,,,4,13,264
133,1,3,1133,8,FIXED_CAR,false,0,0,0,18,3,,,4,13,264
134,1,3,1142,9,ACCELERATING,false,0,0,1,18,3,,,4,13,268
135,1,3,1157,15,USED_BOOST,true,5,0,1,20,3,,,4,13,284
136,1,3,1172,15,NOTHING,true,4,0,1,20,6,,,4,13,296
137,1,3,1187,15,NOTHING,true,3,0,1,20,6,,,4,13,296
138,1,3,1202,9,HIT_MUD,false,0,1,1,21,6,,,4,13,297
139,1,3,1211,9,USED_BOOST,true,5,1,0,21,6,,,4,13,301
140,1,3,1220,9,USED_LIZARD,true,4,1,0,21,5,,,4,13,301
141,1,3,1229,9,USED_LIZARD,true,3,1,0,21,4,,,4,13,301
142,1,3,1238,9,USED_LIZARD,true,2,1,0,21,3,,,4,13,301
143,1,3,1247,9,USED_LIZARD,true,1,1,0,21,2,,,4,13,301
144,1,3,1256,9,USED_LIZARD,false,0,1,0,21,1,,,4,13,301
145,1,3,1265,9,USED_LIZARD,false,0,1,0,21,0,,,4,13,301
146,1,2,1273,9,TURNING_LEFT,false,0,1,0,21,0,,,4,13,301
147,1,2,1282,9,NOTHING,false,0,1,0,21,1,,,4,13,305
148,1,2,1291,9,USED_LIZARD,false,0,1,0,21,0,,,4,13,305
149,1,2,1300,9,NOTHING,false,0,1,0,21,0,,,4,13,305
150,1,2,1309,9,NOTHING,false,0,1,0,21,0,,,4,13,305
151,1,2,1318,9,NOTHING,false,0,1,1,21,0,,,4,13,309
152,1,2,1327,9,USED_BOOST,true,5,1,0,21,0,,,4,14,317
153,1,1,1335,9,TURNING_LEFT,true,4,1,1,21,0,,,4,14,321
154,1,1,1344,8,HIT_MUD,false,0,2,0,22,0,,,4,14,326
155,1,1,1344,8,FIXED_CAR,false,0,0,0,22,0,,,4,14,326
156,1,1,1353,8,HIT_MUD,false,0,1,0,22,0,,,4,14,323
157,1,2,1360,8,TURNING_RIGHT,false,0,1,0,22,0,,,4,14,323
158,1,2,1369,9,ACCELERATING,false,0,1,0,23,0,,,4,14,327
159,1,2,1378,9,NOTHING,false,0,1,0,23,0,,,4,14,327
160,1,1,1386,9,TURNING_LEFT,false,0,1,0,23,0,,,4,14,327
161,1,2,1394,9,TURNING_RIGHT,false,0,1,0,23,0,,,5,14,331
162,1,2,1403,8,HIT_MUD,false,0,2,0,23,0,,,5,14,328
163,1,2,1403,8,FIXED_CAR,false,0,0,0,23,0,,,5,14,328
164,1,3,1410,8,TURNING_RIGHT,false,0,0,0,23,0,,,5,15,332
165,1,3,1419,9,ACCELERATING,false,0,0,0,23,0,,,5,15,332
166,1,4,1427,9,TURNING_RIGHT,false,0,0,0,23,0,,,5,15,332
167,1,4,1436,9,NOTHING,false,0,0,0,23,0,,,5,15,332
168,1,4,1445,9,NOTHING,false,0,0,0,23,0,,,5,16,336
169,1,4,1454,9,NOTHING,false,0,0,0,23,0,,,5,16,336
170,1,3,1462,9,TURNING_LEFT,false,0,0,0,23,0,,,5,16,336
171,1,2,1470,9,TURNING_LEFT,false,0,0,0,23,0,,,5,16,336
172,1,2,1479,8,HIT_MUD,false,0,1,0,23,0,,,5,16,333
173,1,2,1488,9,ACCELERATING,false,0,1,0,23,0,,,5,16,333
174,1,2,1497,9,NOTHING,false,0,1,1,23,0,,,5,17,341
